#       k [h/Mpc]           P_cdm          P_vcdm         P_total
          0.0001      0.00158715      0.00158715      0.00158715
     0.000106333       0.0016838       0.0016838       0.0016838
     0.000113066      0.00178633      0.00178633      0.00178633
     0.000120226      0.00189509      0.00189509      0.00189509
      0.00012784      0.00201046      0.00201046      0.00201046
     0.000135936      0.00213285      0.00213285      0.00213285
     0.000144544      0.00226268      0.00226268      0.00226268
     0.000153697      0.00240039      0.00240039      0.00240039
     0.000163431      0.00254646      0.00254646      0.00254646
      0.00017378       0.0027014       0.0027014       0.0027014
     0.000184785      0.00286573      0.00286573      0.00286573
     0.000196487      0.00304003      0.00304003      0.00304003
      0.00020893      0.00322489      0.00322489      0.00322489
      0.00022216      0.00342095      0.00342095      0.00342095
     0.000236229      0.00362886      0.00362886      0.00362886
     0.000251189      0.00384935      0.00384935      0.00384935
     0.000267096      0.00408315      0.00408315      0.00408315
      0.00028401      0.00433106      0.00433106      0.00433106
     0.000301995       0.0045939       0.0045939       0.0045939
     0.000321119      0.00487256      0.00487256      0.00487256
     0.000341455      0.00516796      0.00516796      0.00516796
     0.000363078      0.00548109      0.00548109      0.00548109
     0.000386071      0.00581295      0.00581295      0.00581295
     0.000410519      0.00616465      0.00616465      0.00616465
     0.000436516       0.0065373       0.0065373       0.0065373
     0.000464159      0.00693211      0.00693211      0.00693211
     0.000493552      0.00735032      0.00735032      0.00735032
     0.000524807      0.00779324      0.00779324      0.00779324
     0.000558042      0.00826223      0.00826223      0.00826223
     0.000593381      0.00875872      0.00875872      0.00875872
     0.000630957      0.00928419      0.00928419      0.00928419
     0.000670914      0.00984018      0.00984018      0.00984018
       0.0007134       0.0104283       0.0104283       0.0104283
     0.000758578       0.0110502       0.0110502       0.0110502
     0.000806616       0.0117075       0.0117075       0.0117075
     0.000857696       0.0124021       0.0124021       0.0124021
     0.000912011       0.0131357       0.0131357       0.0131357
     0.000969765       0.0139101       0.0139101       0.0139101
      0.00103118       0.0147271       0.0147271       0.0147271
      0.00109648       0.0155887       0.0155887       0.0155887
      0.00116591       0.0164967       0.0164967       0.0164967
      0.00123975       0.0174529       0.0174529       0.0174529
      0.00131826       0.0184591       0.0184591       0.0184591
      0.00140174       0.0195172       0.0195172       0.0195172
       0.0014905       0.0206288       0.0206288       0.0206288
      0.00158489       0.0217956       0.0217956       0.0217956
      0.00168526        0.023019        0.023019        0.023019
      0.00179198       0.0243003       0.0243003       0.0243003
      0.00190546       0.0256409       0.0256409       0.0256409
      0.00202613       0.0270415       0.0270415       0.0270415
      0.00215443       0.0285029       0.0285029       0.0285029
      0.00229087       0.0300256       0.0300256       0.0300256
      0.00243594       0.0316095       0.0316095       0.0316095
       0.0025902       0.0332545       0.0332545       0.0332545
      0.00275423       0.0349598       0.0349598       0.0349598
      0.00292864       0.0367242       0.0367242       0.0367242
      0.00311411        0.038546        0.038546        0.038546
      0.00331131       0.0404229       0.0404229       0.0404229
      0.00352101       0.0423522       0.0423522       0.0423522
      0.00374398       0.0443301       0.0443301       0.0443301
      0.00398107       0.0463526       0.0463526       0.0463526
      0.00423318       0.0484146       0.0484146       0.0484146
      0.00450125       0.0505103       0.0505103       0.0505103
       0.0047863        0.052633        0.052633        0.052633
       0.0050894       0.0547753       0.0547753       0.0547753
       0.0054117       0.0569286       0.0569286       0.0569286
       0.0057544       0.0590838       0.0590838       0.0590838
      0.00611881       0.0612302       0.0612302       0.0612302
      0.00650629       0.0633566       0.0633566       0.0633566
      0.00691831       0.0654506       0.0654506       0.0654506
      0.00735642       0.0674986       0.0674986       0.0674986
      0.00782228        0.069486        0.069486        0.069486
      0.00831764       0.0713972       0.0713972       0.0713972
      0.00884437       0.0732152       0.0732152       0.0732152
      0.00940445       0.0749219       0.0749219       0.0749219
            0.01       0.0764982       0.0764982       0.0764982
       0.0106333       0.0779236       0.0779236       0.0779236
       0.0113066       0.0791764       0.0791764       0.0791764
       0.0120226        0.080234        0.080234        0.080234
        0.012784       0.0810726       0.0810726       0.0810726
       0.0135936       0.0816678       0.0816678       0.0816678
       0.0144544       0.0819948       0.0819948       0.0819948
       0.0153697       0.0820293       0.0820293       0.0820293
       0.0163431       0.0817478       0.0817478       0.0817478
        0.017378       0.0811296       0.0811296       0.0811296
       0.0184785        0.080158        0.080158        0.080158
       0.0196487       0.0788224       0.0788224       0.0788224
        0.020893       0.0771207       0.0771207       0.0771207
        0.022216       0.0750614       0.0750614       0.0750614
       0.0236229       0.0726657       0.0726657       0.0726657
       0.0251189        0.069969        0.069969        0.069969
       0.0267096       0.0670203       0.0670203       0.0670203
        0.028401        0.063881        0.063881        0.063881
       0.0301995       0.0606214       0.0606214       0.0606214
       0.0321119       0.0573162       0.0573162       0.0573162
       0.0341455       0.0540395       0.0540395       0.0540395
       0.0363078       0.0508597       0.0508597       0.0508597
       0.0386071       0.0478363       0.0478363       0.0478363
       0.0410519       0.0450177       0.0450177       0.0450177
       0.0436516       0.0424396       0.0424396       0.0424396
       0.0464159       0.0401242       0.0401242       0.0401242
       0.0493552       0.0380771       0.0380771       0.0380771
       0.0524807       0.0362825       0.0362825       0.0362825
       0.0558042       0.0346958       0.0346958       0.0346958
       0.0593381       0.0332375       0.0332375       0.0332375
       0.0630957       0.0317924       0.0317924       0.0317924
       0.0670914       0.0302223       0.0302223       0.0302223
         0.07134       0.0283968       0.0283968       0.0283968
       0.0758578       0.0262417       0.0262417       0.0262417
       0.0806616       0.0237885       0.0237885       0.0237885
       0.0857696       0.0211944       0.0211944       0.0211944
       0.0912011       0.0187096       0.0187096       0.0187096
       0.0969765       0.0165905       0.0165905       0.0165905
        0.103118        0.014996        0.014996        0.014996
        0.109648        0.013912        0.013912        0.013912
        0.116591       0.0131359       0.0131359       0.0131359
        0.123975       0.0123473       0.0123473       0.0123473
        0.131826       0.0112849       0.0112849       0.0112849
        0.140174      0.00994486      0.00994486      0.00994486
         0.14905      0.00860164      0.00860164      0.00860164
        0.158489      0.00756921      0.00756921      0.00756921
        0.168526      0.00692051      0.00692051      0.00692051
        0.179198      0.00642875      0.00642875      0.00642875
        0.190546      0.00580782      0.00580782      0.00580782
        0.202613      0.00505199      0.00505199      0.00505199
        0.215443      0.00440873      0.00440873      0.00440873
        0.229087      0.00398467      0.00398467      0.00398467
        0.243594      0.00360957      0.00360957      0.00360957
         0.25902      0.00316505      0.00316505      0.00316505
        0.275423      0.00277168      0.00277168      0.00277168
        0.292864      0.00248344      0.00248344      0.00248344
        0.311411      0.00219808      0.00219808      0.00219808
        0.331131      0.00192414      0.00192414      0.00192414
        0.352101      0.00170649      0.00170649      0.00170649
        0.374398      0.00150124      0.00150124      0.00150124
        0.398107      0.00131852      0.00131852      0.00131852
        0.423318      0.00116105      0.00116105      0.00116105
        0.450125      0.00101749      0.00101749      0.00101749
         0.47863     0.000893249     0.000893249     0.000893249
         0.50894     0.000781983     0.000781983     0.000781983
         0.54117     0.000684672     0.000684672     0.000684672
         0.57544     0.000598562     0.000598562     0.000598562
        0.611881     0.000522903     0.000522903     0.000522903
        0.650629     0.000456433     0.000456433     0.000456433
        0.691831     0.000398014     0.000398014     0.000398014
        0.735642     0.000346794     0.000346794     0.000346794
        0.782228     0.000301928     0.000301928     0.000301928
        0.831764     0.000262652     0.000262652     0.000262652
        0.884437     0.000228303     0.000228303     0.000228303
        0.940445     0.000198292     0.000198292     0.000198292
               1     0.000172097     0.000172097     0.000172097
         1.06333     0.000149252     0.000149252     0.000149252
         1.13066     0.000129346     0.000129346     0.000129346
         1.20226     0.000112017     0.000112017     0.000112017
          1.2784     9.69431e-05     9.69431e-05     9.69431e-05
         1.35936     8.38407e-05     8.38407e-05     8.38407e-05
         1.44544     7.24613e-05     7.24613e-05     7.24613e-05
         1.53697     6.25861e-05     6.25861e-05     6.25861e-05
         1.63431     5.40227e-05     5.40227e-05     5.40227e-05
          1.7378      4.6602e-05      4.6602e-05      4.6602e-05
         1.84785     4.01764e-05     4.01764e-05     4.01764e-05
         1.96487     3.46163e-05     3.46163e-05     3.46163e-05
          2.0893     2.98085e-05     2.98085e-05     2.98085e-05
          2.2216     2.56539e-05     2.56539e-05     2.56539e-05
         2.36229     2.20661e-05     2.20661e-05     2.20661e-05
         2.51189     1.89698e-05     1.89698e-05     1.89698e-05
         2.67096     1.62994e-05     1.62994e-05     1.62994e-05
          2.8401     1.39977e-05     1.39977e-05     1.39977e-05
         3.01995     1.20149e-05     1.20149e-05     1.20149e-05
         3.21119     1.03079e-05     1.03079e-05     1.03079e-05
         3.41455     8.83909e-06     8.83909e-06     8.83909e-06
         3.63078     7.57603e-06     7.57603e-06     7.57603e-06
         3.86071     6.49046e-06     6.49046e-06     6.49046e-06
         4.10519     5.55793e-06     5.55793e-06     5.55793e-06
         4.36516     4.75728e-06     4.75728e-06     4.75728e-06
         4.64159     4.07022e-06     4.07022e-06     4.07022e-06
         4.93552     3.48092e-06     3.48092e-06     3.48092e-06
         5.24807     2.97571e-06     2.97571e-06     2.97571e-06
         5.58042      2.5428e-06      2.5428e-06      2.5428e-06
         5.93381     2.17202e-06     2.17202e-06     2.17202e-06
         6.30957     1.85459e-06     1.85459e-06     1.85459e-06
         6.70914     1.58295e-06     1.58295e-06     1.58295e-06
           7.134     1.35061e-06     1.35061e-06     1.35061e-06
         7.58578     1.15195e-06     1.15195e-06     1.15195e-06
         8.06616     9.82172e-07     9.82172e-07     9.82172e-07
         8.57696     8.37127e-07     8.37127e-07     8.37127e-07
         9.12011     7.13261e-07     7.13261e-07     7.13261e-07
         9.69765     6.07524e-07     6.07524e-07     6.07524e-07
         10.3118     5.17296e-07     5.17296e-07     5.17296e-07
         10.9648      4.4033e-07      4.4033e-07      4.4033e-07
         11.6591       3.747e-07       3.747e-07       3.747e-07
         12.3975     3.18757e-07     3.18757e-07     3.18757e-07
         13.1826     2.71086e-07     2.71086e-07     2.71086e-07
         14.0174     2.30478e-07     2.30478e-07     2.30478e-07
          14.905     1.95898e-07     1.95898e-07     1.95898e-07
         15.8489      1.6646e-07      1.6646e-07      1.6646e-07
         16.8526     1.41408e-07     1.41408e-07     1.41408e-07
         17.9198     1.20094e-07     1.20094e-07     1.20094e-07
         19.0546     1.01967e-07     1.01967e-07     1.01967e-07
         20.2613     8.65537e-08     8.65537e-08     8.65537e-08
         21.5443     7.34522e-08     7.34522e-08     7.34522e-08
         22.9087     6.23187e-08     6.23187e-08     6.23187e-08
         24.3594     5.28602e-08     5.28602e-08     5.28602e-08
          25.902     4.48268e-08     4.48268e-08     4.48268e-08
         27.5423     3.80056e-08     3.80056e-08     3.80056e-08
         29.2864     3.22151e-08     3.22151e-08     3.22151e-08
         31.1411     2.73009e-08     2.73009e-08     2.73009e-08
         33.1131     2.31314e-08     2.31314e-08     2.31314e-08
         35.2101     1.95945e-08     1.95945e-08     1.95945e-08
         37.4398      1.6595e-08      1.6595e-08      1.6595e-08
         39.8107     1.40518e-08     1.40518e-08     1.40518e-08
         42.3318      1.1896e-08      1.1896e-08      1.1896e-08
         45.0125     1.00689e-08     1.00689e-08     1.00689e-08
          47.863     8.52087e-09     8.52087e-09     8.52087e-09
          50.894     7.20947e-09     7.20947e-09     7.20947e-09
          54.117     6.09877e-09     6.09877e-09     6.09877e-09
          57.544     5.15825e-09     5.15825e-09     5.15825e-09
         61.1881       4.362e-09       4.362e-09       4.362e-09
         65.0629     3.68802e-09     3.68802e-09     3.68802e-09
         69.1831     3.11765e-09     3.11765e-09     3.11765e-09
         73.5642     2.63504e-09     2.63504e-09     2.63504e-09
         78.2228     2.22677e-09     2.22677e-09     2.22677e-09
         83.1764     1.88145e-09     1.88145e-09     1.88145e-09
         88.4437     1.58943e-09     1.58943e-09     1.58943e-09
         94.0445     1.34253e-09     1.34253e-09     1.34253e-09
             100      1.1338e-09      1.1338e-09      1.1338e-09
         106.333     9.57382e-10     9.57382e-10     9.57382e-10
         113.066     8.08294e-10     8.08294e-10     8.08294e-10
         120.226     6.82322e-10     6.82322e-10     6.82322e-10
          127.84       5.759e-10       5.759e-10       5.759e-10
         135.936     4.86008e-10     4.86008e-10     4.86008e-10
         144.544      4.1009e-10      4.1009e-10      4.1009e-10
         153.697     3.45984e-10     3.45984e-10     3.45984e-10
         163.431      2.9186e-10      2.9186e-10      2.9186e-10
          173.78      2.4617e-10      2.4617e-10      2.4617e-10
         184.785     2.07605e-10     2.07605e-10     2.07605e-10
         196.487      1.7506e-10      1.7506e-10      1.7506e-10
          208.93     1.47598e-10     1.47598e-10     1.47598e-10
          222.16     1.24428e-10     1.24428e-10     1.24428e-10
         236.229     1.04883e-10     1.04883e-10     1.04883e-10
         251.189     8.83976e-11     8.83976e-11     8.83976e-11
         267.096     7.44943e-11     7.44943e-11     7.44943e-11
          284.01     6.27704e-11     6.27704e-11     6.27704e-11
         301.995     5.28855e-11     5.28855e-11     5.28855e-11
         321.119     4.45522e-11     4.45522e-11     4.45522e-11
         341.455     3.75278e-11     3.75278e-11     3.75278e-11
         363.078     3.16075e-11     3.16075e-11     3.16075e-11
         386.071     2.66183e-11     2.66183e-11     2.66183e-11
         410.519     2.24142e-11     2.24142e-11     2.24142e-11
         436.516     1.88721e-11     1.88721e-11     1.88721e-11
         464.159     1.58881e-11     1.58881e-11     1.58881e-11
         493.552     1.33746e-11     1.33746e-11     1.33746e-11
         524.807     1.12576e-11     1.12576e-11     1.12576e-11
         558.042     9.47469e-12     9.47469e-12     9.47469e-12
         593.381     7.97339e-12     7.97339e-12     7.97339e-12
         630.957     6.70934e-12     6.70934e-12     6.70934e-12
         670.914     5.64514e-12     5.64514e-12     5.64514e-12
           713.4     4.74929e-12     4.74929e-12     4.74929e-12
         758.578     3.99524e-12     3.99524e-12     3.99524e-12
         806.616      3.3606e-12      3.3606e-12      3.3606e-12
         857.696     2.82651e-12     2.82651e-12     2.82651e-12
         912.011      2.3771e-12      2.3771e-12      2.3771e-12
         969.765     1.99897e-12     1.99897e-12     1.99897e-12
         1031.18     1.68084e-12     1.68084e-12     1.68084e-12
         1096.48     1.41322e-12     1.41322e-12     1.41322e-12
         1165.91     1.18811e-12     1.18811e-12     1.18811e-12
         1239.75      9.9877e-13      9.9877e-13      9.9877e-13
         1318.26     8.39537e-13     8.39537e-13     8.39537e-13
         1401.74     7.05633e-13     7.05633e-13     7.05633e-13
          1490.5     5.93039e-13     5.93039e-13     5.93039e-13
         1584.89     4.98371e-13     4.98371e-13     4.98371e-13
         1685.26     4.18783e-13     4.18783e-13     4.18783e-13
         1791.98     3.51877e-13     3.51877e-13     3.51877e-13
         1905.46     2.95638e-13     2.95638e-13     2.95638e-13
         2026.13     2.48368e-13     2.48368e-13     2.48368e-13
         2154.43     2.08641e-13     2.08641e-13     2.08641e-13
         2290.87     1.75256e-13     1.75256e-13     1.75256e-13
         2435.94     1.47202e-13     1.47202e-13     1.47202e-13
          2590.2     1.23629e-13     1.23629e-13     1.23629e-13
         2754.23     1.03825e-13     1.03825e-13     1.03825e-13
         2928.64     8.71863e-14     8.71863e-14     8.71863e-14
         3114.11     7.32092e-14     7.32092e-14     7.32092e-14
         3311.31     6.14687e-14     6.14687e-14     6.14687e-14
         3521.01     5.16074e-14     5.16074e-14     5.16074e-14
         3743.98     4.33253e-14     4.33253e-14     4.33253e-14
         3981.07     3.63699e-14     3.63699e-14     3.63699e-14
         4233.18     3.05292e-14     3.05292e-14     3.05292e-14
         4501.25     2.56247e-14     2.56247e-14     2.56247e-14
          4786.3     2.15068e-14     2.15068e-14     2.15068e-14
          5089.4     1.80495e-14     1.80495e-14     1.80495e-14
          5411.7      1.5147e-14      1.5147e-14      1.5147e-14
          5754.4     1.27105e-14     1.27105e-14     1.27105e-14
         6118.81     1.06652e-14     1.06652e-14     1.06652e-14
         6506.29     8.94854e-15     8.94854e-15     8.94854e-15
         6918.31     7.50772e-15     7.50772e-15     7.50772e-15
         7356.42     6.29852e-15     6.29852e-15     6.29852e-15
         7822.28     5.28377e-15     5.28377e-15     5.28377e-15
         8317.64     4.43225e-15     4.43225e-15     4.43225e-15
         8844.37     3.71774e-15     3.71774e-15     3.71774e-15
         9404.45     3.11824e-15     3.11824e-15     3.11824e-15
